100
969.413819 824.207095 307.290112
915.163472 753.256163 254.865617
668.721931 105.144577 10.359823
915.991297 736.597774 53.740979
926.545351 878.737016 501.453784
877.120934 586.649849 50.937089
308.507996 26.507924 221.413356
490.571391 349.580948 748.341857
754.408928 695.976088 679.624810
281.209440 64.136184 708.201661
839.224603 785.424929 867.287820
600.720454 381.409591 199.523297
994.005774 992.260267 128.149620
991.644831 954.714942 903.042857
927.205473 717.512292 863.677623
201.321758 157.888396 360.570662
704.761339 45.099572 838.686506
253.155012 22.714103 710.529411
964.383202 784.177932 822.951275
720.143183 585.377018 732.280375
435.552233 97.785453 155.870643
722.272907 499.819621 962.111979
951.110413 843.800124 600.609882
951.049944 320.889152 640.553390
44.164059 13.518308 738.562219
702.470290 101.610495 148.087766
650.560837 352.275980 196.881641
758.572148 667.347435 574.124601
839.038693 506.038619 254.565792
623.245891 210.728656 117.203340
576.189525 271.353351 792.914993
941.344935 938.580963 435.829275
999.370952 946.985093 536.776856
766.467532 235.401205 100.253098
955.683057 816.331949 552.173183
654.721460 401.372381 75.165354
267.524405 201.389645 767.340936
956.153125 692.463138 530.871455
713.249215 411.744497 219.808982
526.911269 351.612136 28.845791
944.998444 850.830064 460.022236
589.932844 55.339323 558.210608
356.067455 149.788602 266.408554
962.900510 956.080098 879.565708
491.786842 223.708512 428.802548
966.050167 958.189374 62.837765
918.317755 866.836836 313.293348
466.787143 375.588610 633.797489
968.348105 960.620738 670.049955
613.947765 459.964151 290.290141
725.425386 354.479934 839.740451
584.603224 465.404494 422.464036
480.730002 239.225327 525.754032
680.698971 442.792008 356.632996
460.907771 368.025867 729.178935
810.653852 798.093860 705.004256
784.705666 608.154868 55.527510
998.928737 997.321289 3.032945
962.215008 884.433539 318.464614
609.597585 337.125555 385.768691
763.719997 553.906836 468.154054
707.605516 15.811777 0.763917
993.220287 937.165009 286.458474
413.039304 318.356353 434.027840
838.556504 234.587586 393.029538
480.761007 66.946324 764.452532
782.695633 658.690069 676.679471
844.694735 823.336165 121.436093
980.208870 905.247018 875.808899
531.043616 404.951280 804.128404
393.835492 236.232930 54.359382
809.257132 707.913100 910.287092
417.785836 182.516904 843.959410
564.927465 522.981020 312.085252
260.021986 75.007423 166.182839
930.416202 886.433271 812.167045
392.330532 328.291021 223.400303
965.193496 651.741972 178.251068
560.808092 22.767783 70.762984
712.510076 233.953273 691.940768
589.776996 561.745503 41.513726
936.199683 876.435300 771.659975
937.042287 875.229323 698.197114
666.518374 212.396091 42.407837
347.321158 242.556887 74.497624
940.586081 461.208113 929.324295
682.332726 647.313101 986.428684
371.350995 41.325528 40.466742
289.649077 41.300707 956.525190
574.330068 529.592623 301.192879
942.317321 642.600133 193.102131
634.374282 150.093124 958.931034
44.095344 22.698980 652.778311
813.046116 436.208298 755.114312
992.887649 918.917438 373.699914
666.207316 428.265217 417.468074
15.394035 10.327407 763.291617
933.191064 715.513600 399.714479
762.934317 183.752184 36.108780
656.857540 356.146151 62.867133
