30 42
12 17 17 14 7 1 5 10 25 24 1 12 17 18 12 3 16 20 22 23 22 22 5 18 9 21 4 7 10 21 1 6 10 17 6 13 14 22 3 9 25 17
22 20 24 14 9 8 11 11 15 22 21 2 25 4 5 13 15 5 5 24 11 1 10 20 20 1 25 18 13 23 1 20 7 4 3 4 9 3 12 16 6 20
4 3 12 17 18 2 17 1 23 3 1 16 19 8 5 11 16 4 9 21 2 15 1 16 10 19 18 16 17 10 13 16 11 18 9 9 10 1 14 2 22 19
24 10 7 13 6 16 22 9 19 7 14 7 6 24 12 9 9 13 9 16 15 23 10 12 10 4 14 7 6 20 22 6 10 3 4 1 23 4 15 12 16 18
1 3 17 1 7 18 6 9 24 23 5 1 5 1 22 22 6 8 10 3 17 3 14 21 21 25 6 9 10 17 21 8 1 23 10 24 13 10 4 7 11 1
25 19 1 17 4 11 25 15 20 8 25 18 18 3 17 2 13 15 8 3 9 4 19 7 12 18 5 24 6 15 9 7 24 3 21 9 10 17 8 19 17 22
17 18 15 14 2 5 2 17 19 10 8 23 13 20 24 16 8 23 11 20 22 22 19 4 21 24 1 11 3 21 1 9 21 23 24 2 4 23 25 19 20 20
20 3 16 21 2 13 2 17 1 22 13 2 15 19 10 9 24 22 4 18 3 25 15 23 14 14 18 24 15 3 21 4 15 1 24 2 9 4 14 19 10 15
13 3 1 21 25 15 7 6 4 3 8 10 12 1 2 21 6 10 12 2 18 11 22 3 7 1 7 22 25 17 3 7 4 8 15 19 2 19 14 25 2 5
16 25 19 25 14 10 17 4 1 17 19 5 15 6 3 22 21 12 2 20 25 13 21 20 7 1 2 2 22 6 1 16 10 14 5 4 22 8 15 8 14 2
15 8 20 4 9 14 10 2 8 16 25 13 16 3 10 6 17 15 6 14 10 25 13 11 18 3 15 21 1 8 25 20 4 21 19 24 10 5 17 6 8 12
5 3 3 24 3 12 20 6 25 24 9 25 4 20 16 8 2 11 13 1 2 12 21 7 5 22 23 18 22 6 25 7 23 17 13 9 19 22 25 11 9 18
24 20 19 25 18 19 14 2 4 13 1 7 5 18 1 20 12 13 4 12 17 23 12 10 22 6 18 9 25 23 3 22 10 11 17 9 23 11 20 10 14 8
25 10 3 11 6 6 14 23 25 3 8 23 9 20 23 13 15 24 19 5 8 16 21 22 21 8 19 12 22 25 25 8 23 20 18 14 10 5 9 5 3 20
12 1 19 13 15 5 20 2 9 12 5 19 12 16 11 8 12 16 1 5 13 14 18 18 9 22 10 4 6 12 3 14 14 15 2 1 15 7 1 8 9 22
5 12 6 20 12 16 19 16 1 18 22 4 15 10 9 2 12 5 18 9 20 20 14 3 6 3 13 15 14 11 18 4 1 21 13 13 25 22 13 17 15 4
21 9 8 21 10 21 20 10 4 9 2 19 7 23 2 21 17 15 13 15 8 21 1 3 19 8 22 22 22 22 25 13 3 21 9 11 5 9 8 19 6 25
17 15 24 11 22 14 1 24 11 1 4 23 5 19 24 11 17 2 8 1 5 23 21 24 11 19 9 24 21 25 22 16 14 6 13 13 13 10 10 21 12 19
22 24 25 20 22 24 5 1 5 5 22 20 10 9 22 13 18 24 19 20 18 7 19 21 24 9 25 17 24 13 7 23 2 10 17 8 18 13 14 16 9 13
23 19 20 10 2 4 25 20 20 15 17 20 4 18 14 15 17 17 3 11 24 25 11 15 3 10 17 6 4 16 22 22 24 15 23 25 1 25 17 25 15 2
18 5 23 16 7 12 19 16 8 9 16 16 16 6 10 16 17 10 21 11 1 25 14 1 16 12 24 23 11 21 25 6 9 11 11 12 17 22 13 2 17 9
20 15 22 4 24 13 19 14 20 16 22 4 25 22 6 15 17 13 14 19 11 25 2 7 23 3 12 3 16 1 5 18 14 3 6 11 11 17 6 2 10 13
7 12 21 17 11 12 18 23 4 9 24 10 1 11 3 16 6 15 12 25 24 14 15 9 20 10 22 4 9 7 25 11 21 18 14 18 24 2 15 21 4 4
10 14 12 22 1 2 22 1 12 10 25 16 5 8 14 10 22 24 2 1 14 6 16 13 8 12 16 12 22 20 4 23 25 1 6 21 23 4 4 24 5 4
18 16 13 25 19 20 4 9 4 23 12 7 10 17 24 25 24 8 22 24 8 24 10 24 2 7 13 14 8 14 24 16 19 19 8 20 17 14 19 5 6 18
1 19 17 12 17 24 3 15 15 11 12 20 25 10 12 14 6 19 10 16 19 12 15 22 22 3 9 3 21 14 15 18 21 16 10 19 4 1 18 5 14 10
1 17 13 25 13 11 24 11 15 11 18 4 25 16 7 13 11 25 5 22 17 2 8 17 11 15 16 2 23 1 23 5 18 21 9 10 19 3 9 25 21 19
4 2 10 13 3 24 2 10 7 12 2 9 3 5 19 17 22 3 24 21 8 21 21 9 15 1 10 20 2 7 20 20 1 20 14 20 25 7 1 17 23 8
16 16 6 25 6 21 11 20 16 13 5 22 4 17 7 22 14 9 15 3 12 21 25 13 19 6 5 25 15 24 11 2 3 2 7 22 5 18 7 5 14 5
17 1 10 23 4 5 16 8 16 12 4 13 13 12 21 19 16 19 24 13 22 15 12 9 14 9 18 9 8 2 21 23 23 10 23 20 11 17 23 24 6 12
